3/12/2021 5:59:32 PM
Series 1
-----------------------------------------------
Frequency (kHz)	RMS (V)
183.109   0.144
183.118   0.144
183.128   0.144
183.138   0.145
183.147   0.145
183.157   0.144
183.167   0.145
183.177   0.146
183.186   0.146
183.196   0.145
183.206   0.146
183.215   0.146
183.225   0.147
183.235   0.147
183.245   0.147
183.254   0.148
183.264   0.148
183.274   0.148
183.284   0.148
183.293   0.149
183.303   0.149
183.313   0.149
183.322   0.150
183.332   0.150
183.342   0.150
183.352   0.151
183.361   0.151
183.371   0.151
183.381   0.151
183.390   0.152
183.400   0.152
183.410   0.152
183.420   0.153
183.429   0.152
183.439   0.153
183.449   0.152
183.459   0.153
183.468   0.153
183.478   0.154
183.488   0.153
183.497   0.154
183.507   0.154
183.517   0.154
183.527   0.155
183.536   0.155
183.546   0.155
183.556   0.156
183.566   0.156
183.575   0.156
183.585   0.155
183.595   0.157
183.604   0.157
183.614   0.157
183.624   0.157
183.634   0.157
183.643   0.158
183.653   0.159
183.663   0.158
183.672   0.158
183.682   0.159
183.692   0.159
183.702   0.159
183.711   0.160
183.721   0.160
183.731   0.159
183.741   0.160
183.750   0.161
183.760   0.161
183.770   0.161
183.779   0.162
183.789   0.162
183.799   0.162
183.809   0.162
183.818   0.162
183.828   0.163
183.838   0.162
183.847   0.162
183.857   0.164
183.867   0.164
183.877   0.163
183.886   0.164
183.896   0.163
183.906   0.164
183.916   0.164
183.925   0.165
183.935   0.165
183.945   0.165
183.954   0.165
183.964   0.165
183.974   0.166
183.984   0.165
183.993   0.166
184.003   0.166
184.013   0.166
184.023   0.167
184.032   0.167
184.042   0.167
184.052   0.168
184.061   0.168
184.071   0.167
184.081   0.168
184.091   0.167
184.100   0.169
184.110   0.167
184.120   0.169
184.129   0.169
184.139   0.169
184.149   0.169
184.159   0.170
184.168   0.170
184.178   0.169
184.188   0.170
184.198   0.170
184.207   0.170
184.217   0.171
184.227   0.171
184.236   0.171
184.246   0.171
184.256   0.171
184.266   0.171
184.275   0.172
184.285   0.172
184.295   0.172
184.304   0.173
184.314   0.172
184.324   0.172
184.334   0.174
184.343   0.173
184.353   0.174
184.363   0.174
184.373   0.174
184.382   0.173
184.392   0.174
184.402   0.173
184.411   0.175
184.421   0.174
184.431   0.175
184.441   0.174
184.450   0.176
184.460   0.175
184.470   0.176
184.480   0.175
184.489   0.176
184.499   0.176
184.509   0.176
184.518   0.176
184.528   0.177
184.538   0.177
184.548   0.177
184.557   0.177
184.567   0.178
184.577   0.178
184.586   0.178
184.596   0.178
184.606   0.179
184.616   0.179
184.625   0.178
184.635   0.179
184.645   0.178
184.655   0.179
184.664   0.179
184.674   0.180
184.684   0.180
184.693   0.180
184.703   0.180
184.713   0.180
184.723   0.181
184.732   0.181
184.742   0.180
184.752   0.181
184.761   0.181
184.771   0.181
184.781   0.181
184.791   0.182
184.800   0.183
184.810   0.182
184.820   0.183
184.830   0.183
184.839   0.183
184.849   0.183
184.859   0.183
184.868   0.184
184.878   0.184
184.888   0.184
184.898   0.185
184.907   0.185
184.917   0.185
184.927   0.186
184.937   0.185
184.946   0.186
184.956   0.186
184.966   0.186
184.975   0.187
184.985   0.187
184.995   0.188
185.005   0.188
185.014   0.188
185.024   0.187
185.034   0.188
185.043   0.189
185.053   0.189
185.063   0.189
185.073   0.190
185.082   0.190
185.092   0.191
185.102   0.191
185.112   0.191
185.121   0.191
185.131   0.192
185.141   0.192
185.150   0.192
185.160   0.192
185.170   0.193
185.180   0.192
185.189   0.193
185.199   0.194
185.209   0.194
185.218   0.194
185.228   0.195
185.238   0.195
185.248   0.195
185.257   0.196
185.267   0.197
185.277   0.197
185.287   0.198
185.296   0.196
185.306   0.198
185.316   0.198
185.325   0.198
185.335   0.199
185.345   0.199
185.355   0.199
185.364   0.200
185.374   0.201
185.384   0.200
185.394   0.201
185.403   0.201
185.413   0.202
185.423   0.202
185.432   0.204
185.442   0.203
185.452   0.203
185.462   0.204
185.471   0.204
185.481   0.205
185.491   0.205
185.500   0.205
185.510   0.206
185.520   0.206
185.530   0.207
185.539   0.207
185.549   0.207
185.559   0.208
185.569   0.209
185.578   0.209
185.588   0.210
185.598   0.212
185.607   0.211
185.617   0.212
185.627   0.212
185.637   0.213
185.646   0.213
185.656   0.215
185.666   0.215
185.676   0.215
185.685   0.216
185.695   0.217
185.705   0.218
185.714   0.218
185.724   0.218
185.734   0.219
185.744   0.220
185.753   0.221
185.763   0.222
185.773   0.222
185.782   0.224
185.792   0.224
185.802   0.225
185.812   0.225
185.821   0.226
185.831   0.228
185.841   0.228
185.851   0.229
185.860   0.230
185.870   0.231
185.880   0.232
185.889   0.233
185.899   0.235
185.909   0.236
185.919   0.237
185.928   0.238
185.938   0.238
185.948   0.240
185.957   0.241
185.967   0.242
185.977   0.244
185.987   0.244
185.996   0.246
186.006   0.248
186.016   0.249
186.026   0.250
186.035   0.252
186.045   0.254
186.055   0.255
186.064   0.257
186.074   0.259
186.084   0.259
186.094   0.261
186.103   0.263
186.113   0.264
186.123   0.266
186.133   0.269
186.142   0.270
186.152   0.273
186.162   0.274
186.171   0.276
186.181   0.278
186.191   0.281
186.201   0.282
186.210   0.284
186.220   0.287
186.230   0.289
186.239   0.292
186.249   0.294
186.259   0.296
186.269   0.299
186.278   0.301
186.288   0.305
186.298   0.307
186.308   0.309
186.317   0.312
186.327   0.314
186.337   0.318
186.346   0.320
186.356   0.323
186.366   0.325
186.376   0.329
186.385   0.332
186.395   0.335
186.405   0.338
186.414   0.340
186.424   0.344
186.434   0.347
186.444   0.351
186.453   0.354
186.463   0.357
186.473   0.361
186.483   0.365
186.492   0.368
186.502   0.371
186.512   0.377
186.521   0.381
186.531   0.384
186.541   0.389
186.551   0.391
186.560   0.395
186.570   0.399
186.580   0.404
186.590   0.408
186.599   0.412
186.609   0.416
186.619   0.421
186.628   0.425
186.638   0.429
186.648   0.434
186.658   0.439
186.667   0.443
186.677   0.446
186.687   0.451
186.696   0.457
186.706   0.461
186.716   0.466
186.726   0.471
186.735   0.476
186.745   0.481
186.755   0.487
186.765   0.491
186.774   0.497
186.784   0.502
186.794   0.507
186.803   0.513
186.813   0.518
186.823   0.524
186.833   0.530
186.842   0.536
186.852   0.542
186.862   0.547
186.871   0.553
186.881   0.558
186.891   0.566
186.901   0.572
186.910   0.577
186.920   0.585
186.930   0.590
186.940   0.598
186.949   0.606
186.959   0.610
186.969   0.618
186.978   0.625
186.988   0.631
186.998   0.639
187.008   0.645
187.017   0.652
187.027   0.659
187.037   0.667
187.047   0.674
187.056   0.683
187.066   0.691
187.076   0.698
187.085   0.706
187.095   0.715
187.105   0.722
187.115   0.731
187.124   0.740
187.134   0.748
187.144   0.758
187.153   0.767
187.163   0.776
187.173   0.785
187.183   0.796
187.192   0.806
187.202   0.815
187.212   0.826
187.222   0.837
187.231   0.848
187.241   0.858
187.251   0.870
187.260   0.879
187.270   0.891
187.280   0.904
187.290   0.915
187.299   0.927
187.309   0.940
187.319   0.954
187.328   0.967
187.338   0.980
187.348   0.995
187.358   1.010
187.367   1.024
187.377   1.037
187.387   1.054
187.397   1.069
187.406   1.086
187.416   1.103
187.426   1.121
187.435   1.137
187.445   1.155
187.455   1.174
187.465   1.193
187.474   1.211
187.484   1.227
187.494   1.242
187.504   1.291
187.513   1.302
187.523   1.315
187.533   1.343
187.542   1.366
187.552   1.390
187.562   1.417
187.572   1.442
187.581   1.470
187.591   1.499
187.601   1.527
187.610   1.559
187.620   1.588
187.630   1.621
187.640   1.651
187.649   1.687
187.659   1.717
187.669   1.752
187.679   1.789
187.688   1.827
187.698   1.866
187.708   1.904
187.717   1.947
187.727   1.989
187.737   2.031
187.747   2.073
187.756   2.119
187.766   2.162
187.776   2.207
187.785   2.253
187.795   2.297
187.805   2.342
187.815   2.386
187.824   2.427
187.834   2.469
187.844   2.512
187.854   2.553
187.863   2.587
187.873   2.622
187.883   2.652
187.892   2.680
187.902   2.705
187.912   2.728
187.922   2.740
187.931   2.749
187.941   2.754
187.951   2.755
187.961   2.751
187.970   2.745
187.980   2.728
187.990   2.704
187.999   2.680
188.009   2.645
188.019   2.611
188.029   2.573
188.038   2.528
188.048   2.484
188.058   2.436
188.067   2.384
188.077   2.335
188.087   2.283
188.097   2.233
188.106   2.184
188.116   2.132
188.126   2.082
188.136   2.032
188.145   1.980
188.155   1.932
188.165   1.884
188.174   1.841
188.184   1.795
188.194   1.753
188.204   1.711
188.213   1.669
188.223   1.633
188.233   1.594
188.243   1.560
188.252   1.523
188.262   1.490
188.272   1.456
188.281   1.424
188.291   1.394
188.301   1.366
188.311   1.337
188.320   1.312
188.330   1.284
188.340   1.257
188.349   1.233
188.359   1.208
188.369   1.186
188.379   1.165
188.388   1.142
188.398   1.120
188.408   1.101
188.418   1.080
188.427   1.062
188.437   1.043
188.447   1.025
188.456   1.008
188.466   0.990
188.476   0.975
188.486   0.957
188.495   0.943
188.505   0.928
188.515   0.913
188.524   0.897
188.534   0.884
188.544   0.872
188.554   0.858
188.563   0.844
188.573   0.832
188.583   0.822
188.593   0.811
188.602   0.799
188.612   0.789
188.622   0.777
188.631   0.767
188.641   0.756
188.651   0.747
188.661   0.739
188.670   0.729
188.680   0.718
188.690   0.710
188.700   0.702
188.709   0.693
188.719   0.684
188.729   0.676
188.738   0.668
188.748   0.661
188.758   0.654
188.768   0.646
188.777   0.636
188.787   0.630
188.797   0.625
188.806   0.616
188.816   0.609
188.826   0.601
188.836   0.595
188.845   0.588
188.855   0.583
188.865   0.576
188.875   0.570
188.884   0.565
188.894   0.558
188.904   0.553
188.913   0.547
188.923   0.542
188.933   0.537
188.943   0.530
188.952   0.526
188.962   0.521
188.972   0.515
188.981   0.511
188.991   0.505
189.001   0.501
189.011   0.496
189.020   0.492
189.030   0.486
189.040   0.482
189.050   0.478
189.059   0.474
189.069   0.469
189.079   0.462
189.088   0.461
189.098   0.457
189.108   0.454
189.118   0.450
189.127   0.446
189.137   0.442
189.147   0.438
189.157   0.435
189.166   0.431
189.176   0.428
189.186   0.424
189.195   0.421
189.205   0.418
189.215   0.415
189.225   0.411
189.234   0.408
189.244   0.404
189.254   0.401
189.263   0.399
189.273   0.397
189.283   0.393
189.293   0.390
189.302   0.385
189.312   0.384
189.322   0.380
189.332   0.377
189.341   0.374
189.351   0.372
189.361   0.368
189.370   0.366
189.380   0.363
189.390   0.361
189.400   0.358
189.409   0.356
189.419   0.354
189.429   0.350
189.438   0.348
189.448   0.346
189.458   0.343
189.468   0.341
189.477   0.338
189.487   0.336
189.497   0.334
189.507   0.332
189.516   0.329
189.526   0.326
189.536   0.325
189.545   0.323
189.555   0.320
189.565   0.317
189.575   0.316
189.584   0.314
189.594   0.311
189.604   0.309
189.614   0.308
189.623   0.306
189.633   0.305
189.643   0.302
189.652   0.300
189.662   0.297
189.672   0.296
189.682   0.294
189.691   0.293
189.701   0.291
189.711   0.289
189.720   0.288
189.730   0.286
189.740   0.284
189.750   0.282
189.759   0.280
189.769   0.280
189.779   0.277
189.789   0.276
189.798   0.274
189.808   0.272
189.818   0.270
189.827   0.269
189.837   0.268
189.847   0.267
189.857   0.265
189.866   0.262
189.876   0.260
189.886   0.259
189.895   0.258
189.905   0.257
189.915   0.256
189.925   0.255
189.934   0.254
189.944   0.251
189.954   0.250
189.964   0.248
189.973   0.247
189.983   0.246
189.993   0.245
190.002   0.244
190.012   0.242
190.022   0.241
190.032   0.239
190.041   0.239
190.051   0.237
190.061   0.235
190.071   0.233
190.080   0.233
190.090   0.232
190.100   0.231
190.109   0.230
190.119   0.229
190.129   0.227
190.139   0.227
190.148   0.224
190.158   0.223
190.168   0.221
190.177   0.221
190.187   0.219
190.197   0.219
190.207   0.218
190.216   0.216
190.226   0.216
190.236   0.214
190.246   0.213
190.255   0.211
190.265   0.211
190.275   0.209
190.284   0.209
190.294   0.208
190.304   0.208
190.314   0.205
190.323   0.206
190.333   0.203
190.343   0.202
190.352   0.201
190.362   0.200
190.372   0.200
190.382   0.198
190.391   0.197
190.401   0.196
190.411   0.195
190.421   0.193
190.430   0.193
190.440   0.192
190.450   0.191
190.459   0.190
190.469   0.190
190.479   0.189
190.489   0.188
190.498   0.187
190.508   0.185
190.518   0.185
190.528   0.184
190.537   0.183
190.547   0.182
190.557   0.181
190.566   0.180
190.576   0.178
190.586   0.177
190.596   0.177
190.605   0.177
190.615   0.175
190.625   0.175
190.634   0.173
190.644   0.172
190.654   0.173
190.664   0.171
190.673   0.169
190.683   0.168
190.693   0.167
190.703   0.169
190.712   0.167
190.722   0.166
190.732   0.165
190.741   0.164
190.751   0.163
190.761   0.162
190.771   0.161
190.780   0.160
190.790   0.160
190.800   0.159
190.810   0.158
190.819   0.157
190.829   0.156
190.839   0.155
190.848   0.154
190.858   0.154
190.868   0.153
190.878   0.152
190.887   0.152
190.897   0.151
190.907   0.150
190.916   0.150
190.926   0.149
190.936   0.149
190.946   0.147
190.955   0.147
190.965   0.147
190.975   0.146
190.985   0.145
190.994   0.145
191.004   0.144
191.014   0.143
191.023   0.143
191.033   0.143
191.043   0.142
191.053   0.141
191.062   0.141
191.072   0.140
191.082   0.139
191.091   0.139
191.101   0.138
191.111   0.137
191.121   0.137
191.130   0.137
191.140   0.136
191.150   0.136
191.160   0.136
191.169   0.135
191.179   0.134
191.189   0.134
191.198   0.134
191.208   0.133
191.218   0.132
191.228   0.132
191.237   0.132
191.247   0.131
191.257   0.131
191.267   0.131
191.276   0.130
191.286   0.130
191.296   0.130
191.305   0.128
191.315   0.129
191.325   0.129
191.335   0.127
191.344   0.127
191.354   0.128
191.364   0.127
191.373   0.127
191.383   0.126
191.393   0.127
191.403   0.126
191.412   0.126
191.422   0.125
191.432   0.124
191.442   0.125
191.451   0.124
191.461   0.124
191.471   0.124
191.480   0.124
191.490   0.123
191.500   0.123
191.510   0.122
191.519   0.122
191.529   0.122
191.539   0.121
191.548   0.120
191.558   0.120
191.568   0.120
191.578   0.119
191.587   0.119
191.597   0.119
191.607   0.118
191.617   0.119
191.626   0.117
191.636   0.117
191.646   0.117
191.655   0.117
191.665   0.116
191.675   0.116
191.685   0.115
191.694   0.115
191.704   0.115
191.714   0.115
191.724   0.114
191.733   0.114
191.743   0.114
191.753   0.114
191.762   0.113
191.772   0.113
191.782   0.113
191.792   0.111
191.801   0.112
191.811   0.111
191.821   0.111
191.830   0.111
191.840   0.110
191.850   0.110
191.860   0.110
191.869   0.110
191.879   0.109
191.889   0.109
191.899   0.108
191.908   0.109
191.918   0.108
191.928   0.107
191.937   0.106
191.947   0.107
191.957   0.106
191.967   0.105
191.976   0.106
191.986   0.106
191.996   0.105
192.005   0.105
192.015   0.103
192.025   0.105
192.035   0.104
192.044   0.103
192.054   0.103
192.064   0.103
192.074   0.103
192.083   0.102
192.093   0.102
192.103   0.102
192.112   0.102
192.122   0.102
192.132   0.101
192.142   0.101
192.151   0.100
192.161   0.099
192.171   0.099
192.181   0.100
192.190   0.099
192.200   0.098
192.210   0.099
192.219   0.098
192.229   0.098
192.239   0.098
192.249   0.097
192.258   0.097
192.268   0.097
192.278   0.097
192.287   0.096
192.297   0.096
192.307   0.096
192.317   0.096
192.326   0.094
192.336   0.096
192.346   0.094
192.356   0.095
192.365   0.095
192.375   0.094
192.385   0.094
192.394   0.094
192.404   0.094
192.414   0.093
192.424   0.093
192.433   0.093
192.443   0.093
192.453   0.093
192.462   0.092
192.472   0.092
192.482   0.093
192.492   0.092
192.501   0.091
192.511   0.092
192.521   0.090
192.531   0.091
192.540   0.091
192.550   0.090
192.560   0.090
192.569   0.090
192.579   0.090
192.589   0.089
192.599   0.089
192.608   0.089
192.618   0.089
192.628   0.089
192.638   0.088
192.647   0.088
192.657   0.088
192.667   0.089
192.676   0.088
192.686   0.087
192.696   0.088
192.706   0.087
192.715   0.087
192.725   0.087
192.735   0.087
192.744   0.087
192.754   0.087
192.764   0.086
192.774   0.086
192.783   0.086
192.793   0.086
192.803   0.086
192.813   0.085
192.822   0.085
192.832   0.085
192.842   0.085
192.851   0.084
192.861   0.084
192.871   0.085
192.881   0.084
192.890   0.084
192.900   0.083
192.910   0.084
192.919   0.083
192.929   0.083
192.939   0.083
192.949   0.083
192.958   0.082
192.968   0.082
192.978   0.082
192.988   0.083
192.997   0.082
193.007   0.082
193.017   0.082
193.026   0.081
193.036   0.082
193.046   0.082
193.056   0.082
193.065   0.081
193.075   0.081
193.085   0.081
193.095   0.081
193.104   0.081



