1 - 73,82 - 66726,50
2 - 74,28 - 66726,96
3 - 75,05 - 66727,73
4 - 75,61 - 66728,29
5 - 76,16 - 66728,84
6 - 76,89 - 66729,57
7 - 77,53 - 66730,21
8 - 78,43 - 66731,11
9 - 79,65 - 66732,33
10 - 80,21 - 66732,89
11 - 81,07 - 66733,75
12 - 82,19 - 66734,87
13 - 83,41 - 66736,09
14 - 84,80 - 66737,48
15 - 85,89 - 66738,57
16 - 87,03 - 66739,71
17 - 88,59 - 66741,27
18 - 90,20 - 66742,88
19 - 91,77 - 66744,45
20 - 93,32 - 66746,00
21 - 95,30 - 66747,98
22 - 97,72 - 66750,40
23 - 98,98 - 66751,66
24 - 100,99 - 66753,67
25 - 103,33 - 66756,01
26 - 105,22 - 66757,90
27 - 108,07 - 66760,75
28 - 110,70 - 66763,38
29 - 112,72 - 66765,40
30 - 115,09 - 66767,77
31 - 117,51 - 66770,19
32 - 120,09 - 66772,77
33 - 122,63 - 66775,31
34 - 125,14 - 66777,82
35 - 128,23 - 66780,91
36 - 130,80 - 66783,48
37 - 133,77 - 66786,45
38 - 136,90 - 66789,58
39 - 139,79 - 66792,47
40 - 143,28 - 66795,96
41 - 146,50 - 66799,18
42 - 149,38 - 66802,06
43 - 153,33 - 66806,01
44 - 156,56 - 66809,24
45 - 160,18 - 66812,86
46 - 164,05 - 66816,73
47 - 167,79 - 66820,47
48 - 171,71 - 66824,39
49 - 175,51 - 66828,19
50 - 179,60 - 66832,28
51 - 183,56 - 66836,24
52 - 187,74 - 66840,42
53 - 192,22 - 66844,90
54 - 196,56 - 66849,24
55 - 201,33 - 66854,01
56 - 205,95 - 66858,63
57 - 210,78 - 66863,46
58 - 215,59 - 66868,27
59 - 220,50 - 66873,18
60 - 225,53 - 66878,21
61 - 231,06 - 66883,74
62 - 236,04 - 66888,72
63 - 241,52 - 66894,20
64 - 246,74 - 66899,42
65 - 252,30 - 66904,98
66 - 257,62 - 66910,30
67 - 263,56 - 66916,24
68 - 269,72 - 66922,40
69 - 275,46 - 66928,14
70 - 281,36 - 66934,04
71 - 287,51 - 66940,19
72 - 293,76 - 66946,44
73 - 300,64 - 66953,32
74 - 306,97 - 66959,65
75 - 313,56 - 66966,24
76 - 319,74 - 66972,42
77 - 327,43 - 66980,11
78 - 333,87 - 66986,55
79 - 340,79 - 66993,47
80 - 348,41 - 67001,09
81 - 355,43 - 67008,11
82 - 362,76 - 67015,44
83 - 370,00 - 67022,68
84 - 377,75 - 67030,43
85 - 385,47 - 67038,15
86 - 392,74 - 67045,42
87 - 401,11 - 67053,79
88 - 409,11 - 67061,79
89 - 417,30 - 67069,98
90 - 426,10 - 67078,78
91 - 434,47 - 67087,15
92 - 442,16 - 67094,84
93 - 450,26 - 67102,94
94 - 459,57 - 67112,25
95 - 468,48 - 67121,16
96 - 477,29 - 67129,97
97 - 486,94 - 67139,62
98 - 495,67 - 67148,35
99 - 504,42 - 67157,10
100 - 514,66 - 67167,34
101 - 523,77 - 67176,45
102 - 533,66 - 67186,34
103 - 543,27 - 67195,95
104 - 552,32 - 67205,00
105 - 561,71 - 67214,39
106 - 571,83 - 67224,51
107 - 583,16 - 67235,84
108 - 592,89 - 67245,57
109 - 603,23 - 67255,91
110 - 613,56 - 67266,24
111 - 634,20 - 67286,88
112 - 645,78 - 67298,46
113 - 656,71 - 67309,39
114 - 667,82 - 67320,50
115 - 679,02 - 67331,70
116 - 689,69 - 67342,37
117 - 700,41 - 67353,09
118 - 713,22 - 67365,90
119 - 723,99 - 67376,67
120 - 735,37 - 67388,05
121 - 747,91 - 67400,59
122 - 758,69 - 67411,37
123 - 772,92 - 67425,60
124 - 783,21 - 67435,89
125 - 795,04 - 67447,72
126 - 808,86 - 67461,54
127 - 821,12 - 67473,80
128 - 834,24 - 67486,92
129 - 847,17 - 67499,85
130 - 860,68 - 67513,36
131 - 873,35 - 67526,03
132 - 886,25 - 67538,93
133 - 900,48 - 67553,16
134 - 914,11 - 67566,79
135 - 928,93 - 67581,61
136 - 941,57 - 67594,25
137 - 955,73 - 67608,41
138 - 970,36 - 67623,04
139 - 983,58 - 67636,26
140 - 999,38 - 67652,06
141 - 1013,42 - 67666,10
142 - 1028,21 - 67680,89
143 - 1042,31 - 67694,99
144 - 1055,45 - 67708,13
145 - 1072,76 - 67725,44
146 - 1089,11 - 67741,79
147 - 1104,53 - 67757,21
148 - 1118,69 - 67771,37
149 - 1140,03 - 67792,71
150 - 1169,09 - 67821,77
151 - 1226,89 - 67879,57
152 - 1253,51 - 67906,19
153 - 1281,96 - 67934,64
154 - 1306,58 - 67959,26
155 - 1334,94 - 67987,62
156 - 1364,44 - 68017,12
157 - 1395,43 - 68048,11
158 - 1425,18 - 68077,86
159 - 1461,24 - 68113,92
