1 - 153,59 - 58612,45
2 - 153,94 - 58612,80
3 - 154,27 - 58613,13
4 - 154,73 - 58613,59
5 - 155,11 - 58613,97
6 - 156,22 - 58615,08
7 - 157,24 - 58616,10
8 - 158,54 - 58617,40
9 - 159,65 - 58618,51
10 - 160,90 - 58619,76
11 - 162,14 - 58621,00
12 - 164,05 - 58622,91
13 - 165,95 - 58624,81
14 - 168,59 - 58627,45
15 - 170,66 - 58629,52
16 - 173,55 - 58632,41
17 - 177,12 - 58635,98
18 - 179,82 - 58638,68
19 - 182,56 - 58641,42
20 - 185,15 - 58644,01
21 - 188,20 - 58647,06
22 - 190,52 - 58649,38
23 - 193,51 - 58652,37
24 - 196,63 - 58655,49
25 - 199,02 - 58657,88
26 - 202,52 - 58661,38
27 - 205,79 - 58664,65
28 - 209,11 - 58667,97
29 - 212,28 - 58671,14
30 - 215,54 - 58674,40
31 - 219,66 - 58678,52
32 - 223,31 - 58682,17
33 - 226,93 - 58685,79
34 - 230,83 - 58689,69
35 - 235,24 - 58694,10
36 - 239,32 - 58698,18
37 - 243,61 - 58702,47
38 - 247,74 - 58706,60
39 - 252,03 - 58710,89
40 - 256,73 - 58715,59
41 - 261,30 - 58720,16
42 - 265,51 - 58724,37
43 - 270,97 - 58729,83
44 - 275,48 - 58734,34
45 - 280,78 - 58739,64
46 - 285,52 - 58744,38
47 - 290,86 - 58749,72
48 - 296,10 - 58754,96
49 - 301,36 - 58760,22
50 - 307,25 - 58766,11
51 - 313,21 - 58772,07
52 - 318,97 - 58777,83
53 - 324,95 - 58783,81
54 - 330,69 - 58789,55
55 - 336,96 - 58795,82
56 - 343,81 - 58802,67
57 - 349,59 - 58808,45
58 - 355,60 - 58814,46
59 - 362,65 - 58821,51
60 - 369,22 - 58828,08
61 - 376,38 - 58835,24
62 - 383,52 - 58842,38
63 - 390,04 - 58848,90
64 - 396,91 - 58855,77
65 - 404,10 - 58862,96
66 - 411,24 - 58870,10
67 - 418,67 - 58877,53
68 - 426,30 - 58885,16
69 - 433,86 - 58892,72
70 - 441,41 - 58900,27
71 - 449,79 - 58908,65
72 - 457,58 - 58916,44
73 - 465,11 - 58923,97
74 - 473,07 - 58931,93
75 - 482,05 - 58940,91
76 - 490,02 - 58948,88
77 - 499,24 - 58958,10
78 - 507,22 - 58966,08
79 - 516,20 - 58975,06
80 - 525,03 - 58983,89
81 - 534,16 - 58993,02
82 - 543,64 - 59002,50
83 - 553,86 - 59012,72
84 - 563,06 - 59021,92
85 - 572,24 - 59031,10
86 - 582,10 - 59040,96
87 - 591,88 - 59050,74
88 - 602,91 - 59061,77
89 - 612,36 - 59071,22
90 - 622,36 - 59081,22
91 - 632,39 - 59091,25
92 - 643,23 - 59102,09
93 - 653,20 - 59112,06
94 - 663,39 - 59122,25
95 - 674,96 - 59133,82
96 - 687,08 - 59145,94
97 - 696,96 - 59155,82
98 - 708,85 - 59167,71
99 - 720,58 - 59179,44
100 - 731,68 - 59190,54
101 - 743,40 - 59202,26
102 - 755,23 - 59214,09
103 - 767,33 - 59226,19
104 - 779,23 - 59238,09
105 - 791,21 - 59250,07
106 - 803,37 - 59262,23
107 - 816,22 - 59275,08
108 - 828,03 - 59286,89
109 - 840,74 - 59299,60
110 - 854,44 - 59313,30
111 - 867,73 - 59326,59
112 - 880,17 - 59339,03
113 - 893,16 - 59352,02
114 - 905,92 - 59364,78
115 - 919,85 - 59378,71
116 - 932,94 - 59391,80
117 - 947,89 - 59406,75
118 - 961,24 - 59420,10
119 - 975,62 - 59434,48
120 - 989,55 - 59448,41
121 - 1005,08 - 59463,94
122 - 1019,51 - 59478,37
123 - 1033,92 - 59492,78
124 - 1048,43 - 59507,29
125 - 1063,70 - 59522,56
126 - 1079,94 - 59538,80
127 - 1095,35 - 59554,21
128 - 1110,53 - 59569,39
129 - 1126,12 - 59584,98
130 - 1141,68 - 59600,54
131 - 1157,67 - 59616,53
132 - 1173,68 - 59632,54
133 - 1189,69 - 59648,55
134 - 1205,82 - 59664,68
135 - 1224,02 - 59682,88
136 - 1239,92 - 59698,78
137 - 1257,55 - 59716,41
138 - 1274,58 - 59733,44
139 - 1291,44 - 59750,30
140 - 1308,71 - 59767,57
141 - 1325,34 - 59784,20
142 - 1343,72 - 59802,58
143 - 1360,79 - 59819,65
144 - 1379,23 - 59838,09
145 - 1397,93 - 59856,79
146 - 1415,08 - 59873,94
147 - 1434,47 - 59893,33
148 - 1452,39 - 59911,25
149 - 1471,05 - 59929,91
150 - 1490,45 - 59949,31
151 - 1510,91 - 59969,77
152 - 1528,32 - 59987,18
153 - 1546,80 - 60005,66
154 - 1565,55 - 60024,41
155 - 1584,73 - 60043,59
156 - 1607,10 - 60065,96
157 - 1627,63 - 60086,49
158 - 1646,38 - 60105,24
159 - 1667,23 - 60126,09
160 - 1687,48 - 60146,34
161 - 1710,82 - 60169,68
162 - 1731,10 - 60189,96
