1 - 100,09 - 62834,82
2 - 100,26 - 62834,99
3 - 100,57 - 62835,30
4 - 100,73 - 62835,46
5 - 100,95 - 62835,68
6 - 101,15 - 62835,88
7 - 101,40 - 62836,13
8 - 102,40 - 62837,13
9 - 102,77 - 62837,50
10 - 103,68 - 62838,41
11 - 104,30 - 62839,03
12 - 105,08 - 62839,81
13 - 105,91 - 62840,64
14 - 106,84 - 62841,57
15 - 107,61 - 62842,34
16 - 109,24 - 62843,97
17 - 110,51 - 62845,24
18 - 111,71 - 62846,44
19 - 112,82 - 62847,55
20 - 115,14 - 62849,87
21 - 116,95 - 62851,68
22 - 118,48 - 62853,21
23 - 120,26 - 62854,99
24 - 121,96 - 62856,69
25 - 123,91 - 62858,64
26 - 125,53 - 62860,26
27 - 127,61 - 62862,34
28 - 129,46 - 62864,19
29 - 131,77 - 62866,50
30 - 133,88 - 62868,61
31 - 135,97 - 62870,70
32 - 138,35 - 62873,08
33 - 140,66 - 62875,39
34 - 142,96 - 62877,69
35 - 145,59 - 62880,32
36 - 148,35 - 62883,08
37 - 151,18 - 62885,91
38 - 153,36 - 62888,09
39 - 155,37 - 62890,10
40 - 157,37 - 62892,10
41 - 159,63 - 62894,36
42 - 162,18 - 62896,91
43 - 164,84 - 62899,57
44 - 167,78 - 62902,51
45 - 171,04 - 62905,77
46 - 174,41 - 62909,14
47 - 177,32 - 62912,05
48 - 180,63 - 62915,36
49 - 184,12 - 62918,85
50 - 187,48 - 62922,21
51 - 190,44 - 62925,17
52 - 193,00 - 62927,73
53 - 195,50 - 62930,23
54 - 198,24 - 62932,97
55 - 202,16 - 62936,89
56 - 206,64 - 62941,37
57 - 211,63 - 62946,36
58 - 215,15 - 62949,88
59 - 219,21 - 62953,94
60 - 223,84 - 62958,57
61 - 227,70 - 62962,43
62 - 232,13 - 62966,86
63 - 236,57 - 62971,30
64 - 241,60 - 62976,33
65 - 245,73 - 62980,46
66 - 251,10 - 62985,83
67 - 255,34 - 62990,07
68 - 260,33 - 62995,06
69 - 265,15 - 62999,88
70 - 270,14 - 63004,87
71 - 275,34 - 63010,07
72 - 280,63 - 63015,36
73 - 286,16 - 63020,89
74 - 291,41 - 63026,14
75 - 296,59 - 63031,32
76 - 301,90 - 63036,63
77 - 307,01 - 63041,74
78 - 314,38 - 63049,11
79 - 324,09 - 63058,82
80 - 332,43 - 63067,16
81 - 338,63 - 63073,36
82 - 345,46 - 63080,19
83 - 352,67 - 63087,40
84 - 358,16 - 63092,89
85 - 364,40 - 63099,13
86 - 371,22 - 63105,95
87 - 378,10 - 63112,83
88 - 384,68 - 63119,41
89 - 392,10 - 63126,83
90 - 399,03 - 63133,76
91 - 406,55 - 63141,28
92 - 413,65 - 63148,38
93 - 421,34 - 63156,07
94 - 428,70 - 63163,43
95 - 436,22 - 63170,95
96 - 443,49 - 63178,22
97 - 452,26 - 63186,99
98 - 460,03 - 63194,76
99 - 467,98 - 63202,71
100 - 475,31 - 63210,04
101 - 483,57 - 63218,30
102 - 492,18 - 63226,91
103 - 501,26 - 63235,99
104 - 510,15 - 63244,88
105 - 518,07 - 63252,80
106 - 527,34 - 63262,07
107 - 536,39 - 63271,12
108 - 545,67 - 63280,40
109 - 554,58 - 63289,31
110 - 564,06 - 63298,79
111 - 573,39 - 63308,12
112 - 583,10 - 63317,83
113 - 593,25 - 63327,98
114 - 601,89 - 63336,62
115 - 611,36 - 63346,09
116 - 621,64 - 63356,37
117 - 632,05 - 63366,78
118 - 640,97 - 63375,70
119 - 651,84 - 63386,57
120 - 662,95 - 63397,68
121 - 672,56 - 63407,29
122 - 683,97 - 63418,70
123 - 694,79 - 63429,52
124 - 705,07 - 63439,80
125 - 716,57 - 63451,30
126 - 726,09 - 63460,82
127 - 738,11 - 63472,84
128 - 747,94 - 63482,67
129 - 760,28 - 63495,01
130 - 773,62 - 63508,35
131 - 783,38 - 63518,11
132 - 792,03 - 63526,76
133 - 807,47 - 63542,20
134 - 819,09 - 63553,82
135 - 831,37 - 63566,10
136 - 844,08 - 63578,81
137 - 856,22 - 63590,95
138 - 868,81 - 63603,54
139 - 881,32 - 63616,05
140 - 894,55 - 63629,28
141 - 907,12 - 63641,85
142 - 920,20 - 63654,93
143 - 932,85 - 63667,58
144 - 946,30 - 63681,03
145 - 960,52 - 63695,25
146 - 973,41 - 63708,14
147 - 986,82 - 63721,55
148 - 1001,55 - 63736,28
149 - 1014,19 - 63748,92
150 - 1029,05 - 63763,78
151 - 1042,64 - 63777,37
152 - 1057,29 - 63792,02
153 - 1072,05 - 63806,78
154 - 1088,18 - 63822,91
155 - 1101,72 - 63836,45
156 - 1115,51 - 63850,24
157 - 1131,45 - 63866,18
158 - 1148,14 - 63882,87
159 - 1162,37 - 63897,10
160 - 1176,41 - 63911,14
161 - 1192,81 - 63927,54
162 - 1208,72 - 63943,45
163 - 1224,58 - 63959,31
164 - 1238,03 - 63972,76
165 - 1255,99 - 63990,72
166 - 1271,15 - 64005,88
167 - 1287,90 - 64022,63
