3/10/2021 9:48:32 AM
Series 1
-----------------------------------------------
Frequency (kHz)	RMS (V)
183.109   0.044
183.118   0.045
183.128   0.045
183.138   0.045
183.147   0.044
183.157   0.044
183.167   0.044
183.177   0.044
183.186   0.044
183.196   0.045
183.206   0.044
183.215   0.044
183.225   0.044
183.235   0.044
183.245   0.044
183.254   0.044
183.264   0.044
183.274   0.044
183.284   0.044
183.293   0.044
183.303   0.044
183.313   0.044
183.322   0.044
183.332   0.044
183.342   0.045
183.352   0.044
183.361   0.044
183.371   0.044
183.381   0.043
183.390   0.044
183.400   0.044
183.410   0.045
183.420   0.044
183.429   0.044
183.439   0.044
183.449   0.045
183.459   0.045
183.468   0.045
183.478   0.045
183.488   0.044
183.497   0.044
183.507   0.044
183.517   0.045
183.527   0.045
183.536   0.045
183.546   0.045
183.556   0.044
183.566   0.045
183.575   0.044
183.585   0.044
183.595   0.045
183.604   0.045
183.614   0.044
183.624   0.045
183.634   0.044
183.643   0.044
183.653   0.045
183.663   0.044
183.672   0.045
183.682   0.044
183.692   0.045
183.702   0.044
183.711   0.045
183.721   0.045
183.731   0.045
183.741   0.045
183.750   0.044
183.760   0.045
183.770   0.044
183.779   0.045
183.789   0.045
183.799   0.045
183.809   0.045
183.818   0.045
183.828   0.044
183.838   0.044
183.847   0.045
183.857   0.045
183.867   0.045
183.877   0.045
183.886   0.045
183.896   0.045
183.906   0.045
183.916   0.045
183.925   0.045
183.935   0.045
183.945   0.045
183.954   0.046
183.964   0.046
183.974   0.046
183.984   0.046
183.993   0.046
184.003   0.046
184.013   0.046
184.023   0.046
184.032   0.046
184.042   0.046
184.052   0.046
184.061   0.047
184.071   0.046
184.081   0.047
184.091   0.048
184.100   0.048
184.110   0.047
184.120   0.048
184.129   0.048
184.139   0.049
184.149   0.049
184.159   0.049
184.168   0.049
184.178   0.050
184.188   0.050
184.198   0.050
184.207   0.050
184.217   0.051
184.227   0.051
184.236   0.052
184.246   0.052
184.256   0.052
184.266   0.053
184.275   0.053
184.285   0.054
184.295   0.054
184.304   0.055
184.314   0.055
184.324   0.056
184.334   0.057
184.343   0.057
184.353   0.058
184.363   0.059
184.373   0.060
184.382   0.059
184.392   0.061
184.402   0.060
184.411   0.062
184.421   0.063
184.431   0.063
184.441   0.064
184.450   0.064
184.460   0.066
184.470   0.067
184.480   0.067
184.489   0.068
184.499   0.069
184.509   0.070
184.518   0.070
184.528   0.071
184.538   0.072
184.548   0.073
184.557   0.075
184.567   0.076
184.577   0.076
184.586   0.078
184.596   0.078
184.606   0.079
184.616   0.081
184.625   0.082
184.635   0.082
184.645   0.083
184.655   0.085
184.664   0.085
184.674   0.087
184.684   0.088
184.693   0.089
184.703   0.090
184.713   0.091
184.723   0.092
184.732   0.094
184.742   0.095
184.752   0.096
184.761   0.096
184.771   0.098
184.781   0.100
184.791   0.100
184.800   0.102
184.810   0.101
184.820   0.103
184.830   0.105
184.839   0.105
184.849   0.107
184.859   0.109
184.868   0.110
184.878   0.110
184.888   0.112
184.898   0.113
184.907   0.113
184.917   0.115
184.927   0.116
184.937   0.117
184.946   0.118
184.956   0.119
184.966   0.120
184.975   0.121
184.985   0.123
184.995   0.124
185.005   0.125
185.014   0.126
185.024   0.127
185.034   0.128
185.043   0.129
185.053   0.131
185.063   0.131
185.073   0.133
185.082   0.134
185.092   0.135
185.102   0.136
185.112   0.137
185.121   0.138
185.131   0.139
185.141   0.140
185.150   0.141
185.160   0.142
185.170   0.142
185.180   0.144
185.189   0.146
185.199   0.146
185.209   0.147
185.218   0.148
185.228   0.149
185.238   0.150
185.248   0.151
185.257   0.152
185.267   0.153
185.277   0.154
185.287   0.155
185.296   0.156
185.306   0.157
185.316   0.157
185.325   0.158
185.335   0.159
185.345   0.160
185.355   0.161
185.364   0.162
185.374   0.162
185.384   0.164
185.394   0.165
185.403   0.166
185.413   0.167
185.423   0.168
185.432   0.168
185.442   0.170
185.452   0.170
185.462   0.171
185.471   0.172
185.481   0.173
185.491   0.174
185.500   0.175
185.510   0.176
185.520   0.176
185.530   0.178
185.539   0.178
185.549   0.179
185.559   0.180
185.569   0.180
185.578   0.181
185.588   0.183
185.598   0.183
185.607   0.184
185.617   0.185
185.627   0.186
185.637   0.187
185.646   0.188
185.656   0.189
185.666   0.190
185.676   0.191
185.685   0.191
185.695   0.193
185.705   0.193
185.714   0.194
185.724   0.195
185.734   0.196
185.744   0.197
185.753   0.198
185.763   0.199
185.773   0.199
185.782   0.201
185.792   0.202
185.802   0.203
185.812   0.203
185.821   0.205
185.831   0.205
185.841   0.207
185.851   0.208
185.860   0.209
185.870   0.210
185.880   0.211
185.889   0.212
185.899   0.213
185.909   0.213
185.919   0.215
185.928   0.216
185.938   0.216
185.948   0.218
185.957   0.220
185.967   0.220
185.977   0.222
185.987   0.222
185.996   0.223
186.006   0.225
186.016   0.225
186.026   0.227
186.035   0.228
186.045   0.229
186.055   0.230
186.064   0.231
186.074   0.232
186.084   0.234
186.094   0.234
186.103   0.235
186.113   0.237
186.123   0.238
186.133   0.239
186.142   0.241
186.152   0.242
186.162   0.242
186.171   0.243
186.181   0.245
186.191   0.246
186.201   0.247
186.210   0.249
186.220   0.250
186.230   0.252
186.239   0.253
186.249   0.255
186.259   0.257
186.269   0.257
186.278   0.258
186.288   0.260
186.298   0.261
186.308   0.262
186.317   0.262
186.327   0.266
186.337   0.267
186.346   0.268
186.356   0.270
186.366   0.272
186.376   0.272
186.385   0.274
186.395   0.276
186.405   0.277
186.414   0.279
186.424   0.280
186.434   0.281
186.444   0.283
186.453   0.286
186.463   0.287
186.473   0.290
186.483   0.291
186.492   0.292
186.502   0.294
186.512   0.296
186.521   0.298
186.531   0.299
186.541   0.302
186.551   0.303
186.560   0.305
186.570   0.306
186.580   0.309
186.590   0.311
186.599   0.314
186.609   0.315
186.619   0.317
186.628   0.320
186.638   0.322
186.648   0.324
186.658   0.327
186.667   0.329
186.677   0.333
186.687   0.334
186.696   0.337
186.706   0.339
186.716   0.341
186.726   0.343
186.735   0.345
186.745   0.349
186.755   0.351
186.765   0.354
186.774   0.357
186.784   0.359
186.794   0.361
186.803   0.365
186.813   0.367
186.823   0.371
186.833   0.374
186.842   0.377
186.852   0.380
186.862   0.382
186.871   0.386
186.881   0.389
186.891   0.392
186.901   0.395
186.910   0.399
186.920   0.403
186.930   0.405
186.940   0.409
186.949   0.413
186.959   0.418
186.969   0.421
186.978   0.426
186.988   0.429
186.998   0.434
187.008   0.437
187.017   0.442
187.027   0.447
187.037   0.452
187.047   0.456
187.056   0.461
187.066   0.466
187.076   0.472
187.085   0.476
187.095   0.481
187.105   0.486
187.115   0.492
187.124   0.497
187.134   0.502
187.144   0.509
187.153   0.515
187.163   0.521
187.173   0.529
187.183   0.536
187.192   0.542
187.202   0.548
187.212   0.556
187.222   0.564
187.231   0.572
187.241   0.579
187.251   0.588
187.260   0.595
187.270   0.602
187.280   0.612
187.290   0.622
187.299   0.631
187.309   0.640
187.319   0.650
187.328   0.661
187.338   0.672
187.348   0.681
187.358   0.693
187.367   0.705
187.377   0.716
187.387   0.728
187.397   0.741
187.406   0.755
187.416   0.768
187.426   0.782
187.435   0.797
187.445   0.812
187.455   0.829
187.465   0.846
187.474   0.861
187.484   0.878
187.494   0.893
187.504   0.928
187.513   0.938
187.523   0.958
187.533   0.983
187.542   1.004
187.552   1.029
187.562   1.054
187.572   1.081
187.581   1.110
187.591   1.139
187.601   1.170
187.610   1.200
187.620   1.235
187.630   1.269
187.640   1.304
187.649   1.345
187.659   1.386
187.669   1.428
187.679   1.475
187.688   1.521
187.698   1.568
187.708   1.622
187.717   1.677
187.727   1.731
187.737   1.785
187.747   1.845
187.756   1.907
187.766   1.971
187.776   2.036
187.785   2.098
187.795   2.164
187.805   2.230
187.815   2.292
187.824   2.350
187.834   2.403
187.844   2.456
187.854   2.505
187.863   2.541
187.873   2.572
187.883   2.592
187.892   2.599
187.902   2.595
187.912   2.579
187.922   2.552
187.931   2.513
187.941   2.461
187.951   2.405
187.961   2.339
187.970   2.269
187.980   2.193
187.990   2.116
187.999   2.043
188.009   1.970
188.019   1.902
188.029   1.831
188.038   1.768
188.048   1.704
188.058   1.644
188.067   1.587
188.077   1.532
188.087   1.480
188.097   1.432
188.106   1.387
188.116   1.343
188.126   1.301
188.136   1.261
188.145   1.227
188.155   1.191
188.165   1.158
188.174   1.126
188.184   1.097
188.194   1.067
188.204   1.039
188.213   1.015
188.223   0.991
188.233   0.965
188.243   0.943
188.252   0.921
188.262   0.900
188.272   0.882
188.281   0.863
188.291   0.844
188.301   0.827
188.311   0.809
188.320   0.793
188.330   0.777
188.340   0.763
188.349   0.749
188.359   0.734
188.369   0.720
188.379   0.708
188.388   0.694
188.398   0.683
188.408   0.670
188.418   0.660
188.427   0.649
188.437   0.638
188.447   0.628
188.456   0.617
188.466   0.607
188.476   0.598
188.486   0.590
188.495   0.581
188.505   0.572
188.515   0.565
188.524   0.557
188.534   0.549
188.544   0.541
188.554   0.533
188.563   0.527
188.573   0.520
188.583   0.513
188.593   0.507
188.602   0.499
188.612   0.493
188.622   0.487
188.631   0.481
188.641   0.475
188.651   0.470
188.661   0.465
188.670   0.458
188.680   0.454
188.690   0.448
188.700   0.444
188.709   0.438
188.719   0.433
188.729   0.428
188.738   0.423
188.748   0.419
188.758   0.414
188.768   0.411
188.777   0.406
188.787   0.402
188.797   0.398
188.806   0.393
188.816   0.390
188.826   0.385
188.836   0.382
188.845   0.379
188.855   0.374
188.865   0.372
188.875   0.368
188.884   0.365
188.894   0.361
188.904   0.359
188.913   0.355
188.923   0.352
188.933   0.349
188.943   0.345
188.952   0.342
188.962   0.340
188.972   0.338
188.981   0.334
188.991   0.329
189.001   0.329
189.011   0.326
189.020   0.323
189.030   0.320
189.040   0.318
189.050   0.315
189.059   0.312
189.069   0.309
189.079   0.309
189.088   0.305
189.098   0.303
189.108   0.300
189.118   0.298
189.127   0.296
189.137   0.294
189.147   0.291
189.157   0.289
189.166   0.287
189.176   0.284
189.186   0.283
189.195   0.280
189.205   0.278
189.215   0.276
189.225   0.274
189.234   0.272
189.244   0.269
189.254   0.268
189.263   0.267
189.273   0.265
189.283   0.263
189.293   0.261
189.302   0.258
189.312   0.258
189.322   0.256
189.332   0.254
189.341   0.253
189.351   0.251
189.361   0.249
189.370   0.247
189.380   0.246
189.390   0.244
189.400   0.243
189.409   0.241
189.419   0.241
189.429   0.237
189.438   0.237
189.448   0.235
189.458   0.233
189.468   0.231
189.477   0.230
189.487   0.229
189.497   0.228
189.507   0.226
189.516   0.224
189.526   0.223
189.536   0.222
189.545   0.220
189.555   0.219
189.565   0.218
189.575   0.216
189.584   0.214
189.594   0.214
189.604   0.211
189.614   0.212
189.623   0.210
189.633   0.208
189.643   0.207
189.652   0.206
189.662   0.204
189.672   0.203
189.682   0.203
189.691   0.201
189.701   0.200
189.711   0.199
189.720   0.197
189.730   0.197
189.740   0.196
189.750   0.194
189.759   0.193
189.769   0.192
189.779   0.191
189.789   0.191
189.798   0.188
189.808   0.188
189.818   0.188
189.827   0.186
189.837   0.185
189.847   0.184
189.857   0.183
189.866   0.183
189.876   0.181
189.886   0.180
189.895   0.179
189.905   0.178
189.915   0.178
189.925   0.176
189.934   0.176
189.944   0.174
189.954   0.174
189.964   0.173
189.973   0.172
189.983   0.171
189.993   0.170
190.002   0.169
190.012   0.169
190.022   0.168
190.032   0.168
190.041   0.166
190.051   0.165
190.061   0.164
190.071   0.163
190.080   0.162
190.090   0.162
190.100   0.161
190.109   0.160
190.119   0.160
190.129   0.159
190.139   0.158
190.148   0.158
190.158   0.155
190.168   0.156
190.177   0.155
190.187   0.155
190.197   0.153
190.207   0.153
190.216   0.152
190.226   0.151
190.236   0.151
190.246   0.151
190.255   0.149
190.265   0.149
190.275   0.148
190.284   0.148
190.294   0.146
190.304   0.146
190.314   0.146
190.323   0.145
190.333   0.144
190.343   0.144
190.352   0.143
190.362   0.142
190.372   0.142
190.382   0.142
190.391   0.141
190.401   0.141
190.411   0.139
190.421   0.139
190.430   0.139
190.440   0.138
190.450   0.137
190.459   0.137
190.469   0.136
190.479   0.136
190.489   0.135
190.498   0.134
190.508   0.134
190.518   0.133
190.528   0.133
190.537   0.133
190.547   0.132
190.557   0.131
190.566   0.131
190.576   0.131
190.586   0.129
190.596   0.129
190.605   0.129
190.615   0.130
190.625   0.128
190.634   0.128
190.644   0.128
190.654   0.127
190.664   0.126
190.673   0.126
190.683   0.126
190.693   0.127
190.703   0.125
190.712   0.126
190.722   0.124
190.732   0.124
190.741   0.124
190.751   0.123
190.761   0.123
190.771   0.123
190.780   0.123
190.790   0.122
190.800   0.121
190.810   0.121
190.819   0.121
190.829   0.120
190.839   0.120
190.848   0.119
190.858   0.119
190.868   0.119
190.878   0.118
190.887   0.118
190.897   0.117
190.907   0.117
190.916   0.117
190.926   0.116
190.936   0.116
190.946   0.115
190.955   0.115
190.965   0.115
190.975   0.115
190.985   0.114
190.994   0.114
191.004   0.113
191.014   0.113
191.023   0.113
191.033   0.111
191.043   0.112
191.053   0.112
191.062   0.111
191.072   0.111
191.082   0.111
191.091   0.111
191.101   0.110
191.111   0.110
191.121   0.109
191.130   0.109
191.140   0.109
191.150   0.108
191.160   0.109
191.169   0.107
191.179   0.107
191.189   0.107
191.198   0.107
191.208   0.107
191.218   0.107
191.228   0.106
191.237   0.106
191.247   0.105
191.257   0.105
191.267   0.105
191.276   0.105
191.286   0.104
191.296   0.104
191.305   0.103
191.315   0.103
191.325   0.103
191.335   0.103
191.344   0.103
191.354   0.102
191.364   0.102
191.373   0.102
191.383   0.101
191.393   0.101
191.403   0.101
191.412   0.101
191.422   0.100
191.432   0.099
191.442   0.100
191.451   0.100
191.461   0.099
191.471   0.098
191.480   0.099
191.490   0.099
191.500   0.099
191.510   0.099
191.519   0.098
191.529   0.098
191.539   0.097
191.548   0.097
191.558   0.097
191.568   0.097
191.578   0.097
191.587   0.097
191.597   0.096
191.607   0.096
191.617   0.096
191.626   0.096
191.636   0.095
191.646   0.095
191.655   0.095
191.665   0.095
191.675   0.094
191.685   0.094
191.694   0.094
191.704   0.093
191.714   0.094
191.724   0.094
191.733   0.093
191.743   0.093
191.753   0.093
191.762   0.092
191.772   0.092
191.782   0.093
191.792   0.093
191.801   0.091
191.811   0.091
191.821   0.091
191.830   0.091
191.840   0.091
191.850   0.091
191.860   0.091
191.869   0.091
191.879   0.090
191.889   0.090
191.899   0.089
191.908   0.089
191.918   0.090
191.928   0.090
191.937   0.088
191.947   0.088
191.957   0.088
191.967   0.088
191.976   0.088
191.986   0.088
191.996   0.088
192.005   0.087
192.015   0.087
192.025   0.087
192.035   0.087
192.044   0.087
192.054   0.086
192.064   0.086
192.074   0.086
192.083   0.087
192.093   0.086
192.103   0.085
192.112   0.086
192.122   0.086
192.132   0.085
192.142   0.086
192.151   0.085
192.161   0.084
192.171   0.085
192.181   0.084
192.190   0.085
192.200   0.084
192.210   0.084
192.219   0.084
192.229   0.083
192.239   0.083
192.249   0.083
192.258   0.083
192.268   0.082
192.278   0.083
192.287   0.083
192.297   0.083
192.307   0.083
192.317   0.082
192.326   0.082
192.336   0.082
192.346   0.082
192.356   0.082
192.365   0.081
192.375   0.082
192.385   0.081
192.394   0.081
192.404   0.081
192.414   0.081
192.424   0.081
192.433   0.081
192.443   0.080
192.453   0.081
192.462   0.080
192.472   0.080
192.482   0.080
192.492   0.080
192.501   0.080
192.511   0.080
192.521   0.079
192.531   0.079
192.540   0.079
192.550   0.079
192.560   0.079
192.569   0.079
192.579   0.079
192.589   0.079
192.599   0.078
192.608   0.079
192.618   0.079
192.628   0.078
192.638   0.078
192.647   0.078
192.657   0.077
192.667   0.078
192.676   0.078
192.686   0.077
192.696   0.077
192.706   0.077
192.715   0.078
192.725   0.078
192.735   0.078
192.744   0.077
192.754   0.077
192.764   0.076
192.774   0.076
192.783   0.076
192.793   0.077
192.803   0.076
192.813   0.076
192.822   0.076
192.832   0.076
192.842   0.076
192.851   0.076
192.861   0.076
192.871   0.076
192.881   0.076
192.890   0.075
192.900   0.075
192.910   0.075
192.919   0.074
192.929   0.075
192.939   0.075
192.949   0.075
192.958   0.074
192.968   0.074
192.978   0.074
192.988   0.074
192.997   0.074
193.007   0.074
193.017   0.074
193.026   0.073
193.036   0.074
193.046   0.073
193.056   0.073
193.065   0.073
193.075   0.073
193.085   0.074
193.095   0.073
193.104   0.073



