3/10/2021 9:51:57 AM
Series 1
-----------------------------------------------
Frequency (kHz)	RMS (V)
183.109   0.042
183.118   0.043
183.128   0.043
183.138   0.043
183.147   0.042
183.157   0.043
183.167   0.042
183.177   0.043
183.186   0.043
183.196   0.042
183.206   0.043
183.215   0.042
183.225   0.043
183.235   0.042
183.245   0.042
183.254   0.043
183.264   0.044
183.274   0.043
183.284   0.043
183.293   0.043
183.303   0.044
183.313   0.042
183.322   0.044
183.332   0.044
183.342   0.043
183.352   0.042
183.361   0.043
183.371   0.043
183.381   0.042
183.390   0.043
183.400   0.043
183.410   0.043
183.420   0.043
183.429   0.044
183.439   0.043
183.449   0.043
183.459   0.043
183.468   0.043
183.478   0.043
183.488   0.043
183.497   0.043
183.507   0.043
183.517   0.043
183.527   0.044
183.536   0.043
183.546   0.042
183.556   0.043
183.566   0.043
183.575   0.043
183.585   0.043
183.595   0.043
183.604   0.043
183.614   0.043
183.624   0.043
183.634   0.043
183.643   0.043
183.653   0.042
183.663   0.043
183.672   0.043
183.682   0.043
183.692   0.043
183.702   0.043
183.711   0.043
183.721   0.043
183.731   0.042
183.741   0.043
183.750   0.043
183.760   0.043
183.770   0.044
183.779   0.043
183.789   0.043
183.799   0.043
183.809   0.043
183.818   0.043
183.828   0.042
183.838   0.043
183.847   0.043
183.857   0.043
183.867   0.043
183.877   0.044
183.886   0.043
183.896   0.044
183.906   0.044
183.916   0.044
183.925   0.044
183.935   0.044
183.945   0.043
183.954   0.044
183.964   0.044
183.974   0.044
183.984   0.044
183.993   0.044
184.003   0.044
184.013   0.044
184.023   0.044
184.032   0.044
184.042   0.045
184.052   0.046
184.061   0.045
184.071   0.045
184.081   0.045
184.091   0.045
184.100   0.046
184.110   0.046
184.120   0.046
184.129   0.047
184.139   0.046
184.149   0.046
184.159   0.047
184.168   0.047
184.178   0.048
184.188   0.048
184.198   0.047
184.207   0.048
184.217   0.048
184.227   0.049
184.236   0.049
184.246   0.050
184.256   0.050
184.266   0.051
184.275   0.052
184.285   0.051
184.295   0.052
184.304   0.052
184.314   0.052
184.324   0.053
184.334   0.053
184.343   0.055
184.353   0.054
184.363   0.055
184.373   0.055
184.382   0.056
184.392   0.056
184.402   0.059
184.411   0.059
184.421   0.059
184.431   0.058
184.441   0.059
184.450   0.062
184.460   0.062
184.470   0.062
184.480   0.063
184.489   0.064
184.499   0.066
184.509   0.066
184.518   0.067
184.528   0.068
184.538   0.068
184.548   0.070
184.557   0.071
184.567   0.071
184.577   0.072
184.586   0.073
184.596   0.075
184.606   0.075
184.616   0.076
184.625   0.077
184.635   0.078
184.645   0.080
184.655   0.080
184.664   0.081
184.674   0.082
184.684   0.082
184.693   0.085
184.703   0.086
184.713   0.087
184.723   0.088
184.732   0.088
184.742   0.090
184.752   0.091
184.761   0.092
184.771   0.094
184.781   0.094
184.791   0.095
184.800   0.097
184.810   0.098
184.820   0.099
184.830   0.099
184.839   0.101
184.849   0.102
184.859   0.104
184.868   0.105
184.878   0.106
184.888   0.107
184.898   0.107
184.907   0.110
184.917   0.111
184.927   0.111
184.937   0.113
184.946   0.114
184.956   0.115
184.966   0.116
184.975   0.116
184.985   0.117
184.995   0.119
185.005   0.120
185.014   0.121
185.024   0.123
185.034   0.123
185.043   0.124
185.053   0.126
185.063   0.127
185.073   0.127
185.082   0.128
185.092   0.130
185.102   0.130
185.112   0.132
185.121   0.133
185.131   0.133
185.141   0.134
185.150   0.136
185.160   0.136
185.170   0.138
185.180   0.140
185.189   0.139
185.199   0.142
185.209   0.141
185.218   0.143
185.228   0.143
185.238   0.144
185.248   0.145
185.257   0.146
185.267   0.148
185.277   0.148
185.287   0.150
185.296   0.150
185.306   0.152
185.316   0.152
185.325   0.153
185.335   0.154
185.345   0.154
185.355   0.156
185.364   0.157
185.374   0.158
185.384   0.159
185.394   0.160
185.403   0.161
185.413   0.162
185.423   0.163
185.432   0.163
185.442   0.163
185.452   0.165
185.462   0.165
185.471   0.167
185.481   0.168
185.491   0.168
185.500   0.169
185.510   0.171
185.520   0.171
185.530   0.173
185.539   0.173
185.549   0.174
185.559   0.175
185.569   0.176
185.578   0.177
185.588   0.177
185.598   0.178
185.607   0.179
185.617   0.179
185.627   0.181
185.637   0.182
185.646   0.182
185.656   0.183
185.666   0.184
185.676   0.185
185.685   0.187
185.695   0.188
185.705   0.188
185.714   0.189
185.724   0.190
185.734   0.191
185.744   0.191
185.753   0.192
185.763   0.193
185.773   0.194
185.782   0.195
185.792   0.195
185.802   0.197
185.812   0.197
185.821   0.198
185.831   0.199
185.841   0.201
185.851   0.202
185.860   0.202
185.870   0.203
185.880   0.205
185.889   0.205
185.899   0.206
185.909   0.207
185.919   0.208
185.928   0.209
185.938   0.210
185.948   0.211
185.957   0.212
185.967   0.214
185.977   0.214
185.987   0.216
185.996   0.216
186.006   0.216
186.016   0.218
186.026   0.219
186.035   0.220
186.045   0.220
186.055   0.222
186.064   0.223
186.074   0.225
186.084   0.225
186.094   0.226
186.103   0.228
186.113   0.228
186.123   0.229
186.133   0.232
186.142   0.231
186.152   0.233
186.162   0.233
186.171   0.235
186.181   0.236
186.191   0.237
186.201   0.240
186.210   0.241
186.220   0.242
186.230   0.243
186.239   0.245
186.249   0.247
186.259   0.246
186.269   0.248
186.278   0.250
186.288   0.252
186.298   0.253
186.308   0.253
186.317   0.254
186.327   0.257
186.337   0.258
186.346   0.258
186.356   0.259
186.366   0.262
186.376   0.264
186.385   0.264
186.395   0.267
186.405   0.268
186.414   0.270
186.424   0.272
186.434   0.272
186.444   0.274
186.453   0.275
186.463   0.275
186.473   0.278
186.483   0.281
186.492   0.281
186.502   0.284
186.512   0.286
186.521   0.287
186.531   0.289
186.541   0.291
186.551   0.293
186.560   0.295
186.570   0.297
186.580   0.298
186.590   0.301
186.599   0.304
186.609   0.305
186.619   0.306
186.628   0.310
186.638   0.311
186.648   0.313
186.658   0.316
186.667   0.318
186.677   0.319
186.687   0.321
186.696   0.323
186.706   0.327
186.716   0.328
186.726   0.331
186.735   0.332
186.745   0.335
186.755   0.338
186.765   0.340
186.774   0.343
186.784   0.345
186.794   0.348
186.803   0.351
186.813   0.353
186.823   0.357
186.833   0.360
186.842   0.362
186.852   0.366
186.862   0.369
186.871   0.373
186.881   0.375
186.891   0.378
186.901   0.382
186.910   0.385
186.920   0.388
186.930   0.392
186.940   0.395
186.949   0.398
186.959   0.402
186.969   0.406
186.978   0.410
186.988   0.415
186.998   0.418
187.008   0.422
187.017   0.427
187.027   0.432
187.037   0.436
187.047   0.440
187.056   0.446
187.066   0.450
187.076   0.454
187.085   0.460
187.095   0.466
187.105   0.471
187.115   0.475
187.124   0.481
187.134   0.487
187.144   0.493
187.153   0.499
187.163   0.504
187.173   0.511
187.183   0.517
187.192   0.523
187.202   0.531
187.212   0.538
187.222   0.544
187.231   0.553
187.241   0.560
187.251   0.568
187.260   0.576
187.270   0.584
187.280   0.592
187.290   0.601
187.299   0.609
187.309   0.617
187.319   0.628
187.328   0.638
187.338   0.648
187.348   0.659
187.358   0.669
187.367   0.680
187.377   0.692
187.387   0.705
187.397   0.716
187.406   0.730
187.416   0.744
187.426   0.760
187.435   0.774
187.445   0.789
187.455   0.805
187.465   0.822
187.474   0.838
187.484   0.855
187.494   0.877
187.504   0.894
187.513   0.909
187.523   0.936
187.533   0.956
187.542   0.978
187.552   1.004
187.562   1.027
187.572   1.055
187.581   1.081
187.591   1.109
187.601   1.138
187.610   1.170
187.620   1.202
187.630   1.236
187.640   1.272
187.649   1.310
187.659   1.349
187.669   1.392
187.679   1.436
187.688   1.484
187.698   1.529
187.708   1.581
187.717   1.633
187.727   1.686
187.737   1.742
187.747   1.802
187.756   1.860
187.766   1.920
187.776   1.983
187.785   2.046
187.795   2.108
187.805   2.171
187.815   2.232
187.824   2.290
187.834   2.347
187.844   2.393
187.854   2.436
187.863   2.473
187.873   2.497
187.883   2.513
187.892   2.517
187.902   2.508
187.912   2.489
187.922   2.460
187.931   2.419
187.941   2.369
187.951   2.311
187.961   2.247
187.970   2.177
187.980   2.103
187.990   2.032
187.999   1.962
188.009   1.890
188.019   1.823
188.029   1.755
188.038   1.689
188.048   1.631
188.058   1.573
188.067   1.518
188.077   1.466
188.087   1.417
188.097   1.373
188.106   1.329
188.116   1.287
188.126   1.247
188.136   1.209
188.145   1.174
188.155   1.143
188.165   1.112
188.174   1.080
188.184   1.050
188.194   1.022
188.204   0.996
188.213   0.971
188.223   0.947
188.233   0.924
188.243   0.903
188.252   0.882
188.262   0.864
188.272   0.844
188.281   0.826
188.291   0.809
188.301   0.792
188.311   0.776
188.320   0.760
188.330   0.745
188.340   0.730
188.349   0.718
188.359   0.704
188.369   0.691
188.379   0.678
188.388   0.667
188.398   0.655
188.408   0.643
188.418   0.634
188.427   0.622
188.437   0.612
188.447   0.602
188.456   0.593
188.466   0.583
188.476   0.575
188.486   0.568
188.495   0.559
188.505   0.551
188.515   0.542
188.524   0.535
188.534   0.527
188.544   0.520
188.554   0.512
188.563   0.506
188.573   0.499
188.583   0.493
188.593   0.486
188.602   0.480
188.612   0.472
188.622   0.467
188.631   0.462
188.641   0.457
188.651   0.452
188.661   0.446
188.670   0.441
188.680   0.436
188.690   0.431
188.700   0.427
188.709   0.421
188.719   0.415
188.729   0.412
188.738   0.406
188.748   0.402
188.758   0.398
188.768   0.394
188.777   0.390
188.787   0.386
188.797   0.382
188.806   0.378
188.816   0.375
188.826   0.371
188.836   0.367
188.845   0.365
188.855   0.362
188.865   0.357
188.875   0.355
188.884   0.350
188.894   0.347
188.904   0.345
188.913   0.342
188.923   0.338
188.933   0.335
188.943   0.332
188.952   0.330
188.962   0.326
188.972   0.323
188.981   0.320
188.991   0.317
189.001   0.315
189.011   0.312
189.020   0.310
189.030   0.307
189.040   0.305
189.050   0.302
189.059   0.301
189.069   0.298
189.079   0.296
189.088   0.292
189.098   0.290
189.108   0.288
189.118   0.286
189.127   0.284
189.137   0.282
189.147   0.280
189.157   0.278
189.166   0.276
189.176   0.274
189.186   0.272
189.195   0.270
189.205   0.268
189.215   0.266
189.225   0.264
189.234   0.263
189.244   0.260
189.254   0.258
189.263   0.257
189.273   0.254
189.283   0.253
189.293   0.251
189.302   0.251
189.312   0.248
189.322   0.246
189.332   0.244
189.341   0.243
189.351   0.241
189.361   0.240
189.370   0.238
189.380   0.236
189.390   0.234
189.400   0.233
189.409   0.232
189.419   0.230
189.429   0.229
189.438   0.226
189.448   0.225
189.458   0.224
189.468   0.223
189.477   0.221
189.487   0.219
189.497   0.219
189.507   0.217
189.516   0.216
189.526   0.214
189.536   0.214
189.545   0.211
189.555   0.211
189.565   0.210
189.575   0.208
189.584   0.208
189.594   0.205
189.604   0.204
189.614   0.204
189.623   0.203
189.633   0.201
189.643   0.200
189.652   0.199
189.662   0.197
189.672   0.195
189.682   0.195
189.691   0.193
189.701   0.192
189.711   0.191
189.720   0.190
189.730   0.188
189.740   0.188
189.750   0.187
189.759   0.185
189.769   0.185
189.779   0.183
189.789   0.183
189.798   0.181
189.808   0.180
189.818   0.180
189.827   0.178
189.837   0.178
189.847   0.177
189.857   0.175
189.866   0.174
189.876   0.175
189.886   0.173
189.895   0.173
189.905   0.171
189.915   0.170
189.925   0.170
189.934   0.169
189.944   0.168
189.954   0.167
189.964   0.166
189.973   0.165
189.983   0.163
189.993   0.163
190.002   0.163
190.012   0.162
190.022   0.162
190.032   0.160
190.041   0.159
190.051   0.159
190.061   0.158
190.071   0.158
190.080   0.156
190.090   0.156
190.100   0.155
190.109   0.154
190.119   0.153
190.129   0.153
190.139   0.152
190.148   0.151
190.158   0.150
190.168   0.150
190.177   0.150
190.187   0.149
190.197   0.147
190.207   0.147
190.216   0.146
190.226   0.146
190.236   0.146
190.246   0.145
190.255   0.144
190.265   0.144
190.275   0.142
190.284   0.143
190.294   0.141
190.304   0.141
190.314   0.141
190.323   0.139
190.333   0.139
190.343   0.138
190.352   0.138
190.362   0.137
190.372   0.137
190.382   0.137
190.391   0.136
190.401   0.136
190.411   0.134
190.421   0.134
190.430   0.133
190.440   0.133
190.450   0.132
190.459   0.132
190.469   0.131
190.479   0.131
190.489   0.130
190.498   0.130
190.508   0.129
190.518   0.130
190.528   0.129
190.537   0.128
190.547   0.127
190.557   0.126
190.566   0.127
190.576   0.127
190.586   0.126
190.596   0.125
190.605   0.125
190.615   0.124
190.625   0.124
190.634   0.124
190.644   0.123
190.654   0.123
190.664   0.122
190.673   0.121
190.683   0.122
190.693   0.120
190.703   0.122
190.712   0.119
190.722   0.119
190.732   0.119
190.741   0.119
190.751   0.119
190.761   0.119
190.771   0.118
190.780   0.117
190.790   0.117
190.800   0.117
190.810   0.117
190.819   0.116
190.829   0.116
190.839   0.116
190.848   0.114
190.858   0.115
190.868   0.115
190.878   0.114
190.887   0.114
190.897   0.113
190.907   0.113
190.916   0.112
190.926   0.112
190.936   0.112
190.946   0.112
190.955   0.111
190.965   0.111
190.975   0.110
190.985   0.110
190.994   0.110
191.004   0.109
191.014   0.109
191.023   0.109
191.033   0.108
191.043   0.108
191.053   0.108
191.062   0.108
191.072   0.106
191.082   0.106
191.091   0.106
191.101   0.106
191.111   0.105
191.121   0.105
191.130   0.105
191.140   0.105
191.150   0.104
191.160   0.105
191.169   0.104
191.179   0.104
191.189   0.103
191.198   0.102
191.208   0.102
191.218   0.102
191.228   0.102
191.237   0.102
191.247   0.101
191.257   0.101
191.267   0.100
191.276   0.100
191.286   0.100
191.296   0.100
191.305   0.100
191.315   0.099
191.325   0.099
191.335   0.098
191.344   0.098
191.354   0.099
191.364   0.099
191.373   0.098
191.383   0.098
191.393   0.098
191.403   0.098
191.412   0.097
191.422   0.098
191.432   0.097
191.442   0.097
191.451   0.095
191.461   0.097
191.471   0.096
191.480   0.096
191.490   0.095
191.500   0.095
191.510   0.094
191.519   0.094
191.529   0.095
191.539   0.095
191.548   0.093
191.558   0.094
191.568   0.093
191.578   0.093
191.587   0.093
191.597   0.094
191.607   0.092
191.617   0.092
191.626   0.091
191.636   0.092
191.646   0.092
191.655   0.091
191.665   0.091
191.675   0.091
191.685   0.090
191.694   0.090
191.704   0.090
191.714   0.090
191.724   0.090
191.733   0.089
191.743   0.090
191.753   0.089
191.762   0.089
191.772   0.089
191.782   0.089
191.792   0.088
191.801   0.088
191.811   0.088
191.821   0.088
191.830   0.087
191.840   0.087
191.850   0.088
191.860   0.087
191.869   0.087
191.879   0.086
191.889   0.087
191.899   0.087
191.908   0.086
191.918   0.085
191.928   0.085
191.937   0.085
191.947   0.086
191.957   0.085
191.967   0.086
191.976   0.085
191.986   0.084
191.996   0.085
192.005   0.084
192.015   0.084
192.025   0.084
192.035   0.083
192.044   0.084
192.054   0.083
192.064   0.084
192.074   0.083
192.083   0.083
192.093   0.082
192.103   0.082
192.112   0.082
192.122   0.083
192.132   0.083
192.142   0.082
192.151   0.083
192.161   0.082
192.171   0.082
192.181   0.081
192.190   0.082
192.200   0.081
192.210   0.080
192.219   0.081
192.229   0.081
192.239   0.080
192.249   0.080
192.258   0.080
192.268   0.080
192.278   0.079
192.287   0.079
192.297   0.080
192.307   0.080
192.317   0.080
192.326   0.080
192.336   0.079
192.346   0.079
192.356   0.080
192.365   0.079
192.375   0.079
192.385   0.078
192.394   0.078
192.404   0.078
192.414   0.079
192.424   0.077
192.433   0.078
192.443   0.078
192.453   0.078
192.462   0.077
192.472   0.078
192.482   0.077
192.492   0.077
192.501   0.077
192.511   0.078
192.521   0.076
192.531   0.076
192.540   0.077
192.550   0.077
192.560   0.076
192.569   0.075
192.579   0.076
192.589   0.076
192.599   0.076
192.608   0.076
192.618   0.074
192.628   0.076
192.638   0.075
192.647   0.075
192.657   0.074
192.667   0.074
192.676   0.074
192.686   0.075
192.696   0.075
192.706   0.074
192.715   0.075
192.725   0.074
192.735   0.073
192.744   0.075
192.754   0.073
192.764   0.074
192.774   0.075
192.783   0.074
192.793   0.074
192.803   0.073
192.813   0.073
192.822   0.074
192.832   0.073
192.842   0.072
192.851   0.072
192.861   0.072
192.871   0.073
192.881   0.072
192.890   0.072
192.900   0.073
192.910   0.072
192.919   0.072
192.929   0.072
192.939   0.072
192.949   0.072
192.958   0.072
192.968   0.071
192.978   0.071
192.988   0.071
192.997   0.072
193.007   0.072
193.017   0.070
193.026   0.071
193.036   0.071
193.046   0.071
193.056   0.070
193.065   0.070
193.075   0.071
193.085   0.070
193.095   0.070
193.104   0.070



